{
  "valid": true,
  "id": 70585,
  "timestamp": 605530030523,
  "hands": [
    {
      "id": 98,
      "palmPosition": [-98.9668, 266.119, 4.80261],
      "direction": [0.255443, 0.48635, -0.835591],
      "palmVelocity": [46.3109, 16.4749, 24.46],
      "palmNormal": [0.488359, -0.81081, -0.322633],
      "sphereCenter": [-62.4399, 190.303, -51.9848],
      "sphereRadius": 105.995,
      "valid": true,
      "fingers": [
        {
          "valid": true,
          "id": 980,
          "handId": 98,
          "length": 47.7171,
          "tool": false,
          "width": 18.5407,
          "direction": [0.48076, 0.303201, -0.822763],
          "stabilizedTipPosition": [-45.441, 276.559, -3.18265],
          "tipPosition": [-40.3524, 281.751, -0.496312],
          "tipVelocity": [78.7883, -25.706, -9.4628],
          "touchZone": "hovering",
          "touchDistance": 0.603458,
          "timeVisible": 0.264693,
          "dipPosition": [-45.3008, 278.444, 13.6792],
          "pipPosition": [-60.3089, 268.979, 39.3638],
          "mcpPosition": [-93.5433, 241.966, 55.3219],
          "carpPosition": [-93.5433, 241.966, 55.3219],
          "extended": true,
          "type": 0,
          "finger": true,
          "positions": [null, null, null, null, null],
          "metacarpal": {
            "_center": null,
            "_matrix": null,
            "type": 0,
            "width": 18.5407,
            "length": 0,
            "basis": [
              [-0.722724, 0.689071, -0.0533972],
              [0.353443, 0.434885, 0.828223],
              [-0.593926, -0.579704, 0.557849]
            ]
          },
          "proximal": {
            "_center": null,
            "_matrix": null,
            "type": 1,
            "width": 18.5407,
            "length": 45.704359397873624,
            "basis": [
              [-0.658206, 0.744735, -0.110159],
              [0.194926, 0.309924, 0.930565],
              [-0.727165, -0.59103, 0.349161]
            ]
          },
          "medial": {
            "_center": null,
            "_matrix": null,
            "type": 2,
            "width": 18.5407,
            "length": 31.217430511975206,
            "basis": [
              [-0.658206, 0.744735, -0.110159],
              [0.57934, 0.594507, 0.557608],
              [-0.48076, -0.303201, 0.822763]
            ]
          },
          "distal": {
            "_center": null,
            "_matrix": null,
            "type": 3,
            "nextJoint": [-38.0521, 281.912, -6.18509],
            "width": 18.5407,
            "length": 21.428035208438963,
            "basis": [
              [-0.658206, 0.744735, -0.110159],
              [0.672557, 0.647436, 0.35846],
              [-0.338279, -0.161852, 0.927023]
            ]
          },
          "bones": [null, null, null, null]
        },
        {
          "valid": true,
          "id": 981,
          "handId": 98,
          "length": 53.8435,
          "tool": false,
          "width": 17.71,
          "direction": [0.51605, 0.162124, -0.841076],
          "stabilizedTipPosition": [-41.8273, 292.396, -71.8254],
          "tipPosition": [-38.2103, 300.659, -65.414],
          "tipVelocity": [63.3953, -11.8706, 26.6186],
          "touchZone": "hovering",
          "touchDistance": 0.420803,
          "timeVisible": 0.264693,
          "dipPosition": [-44.0438, 298.658, -55.134],
          "pipPosition": [-55.464, 295.07, -36.5209],
          "mcpPosition": [-74.9584, 286.32, -3.49475],
          "carpPosition": [-105.945, 258.842, 49.6281],
          "extended": true,
          "type": 1,
          "finger": true,
          "positions": [null, null, null, null, null],
          "metacarpal": {
            "_center": null,
            "_matrix": null,
            "type": 0,
            "width": 17.71,
            "length": 67.35909037154897,
            "basis": [
              [-0.779683, -0.239372, -0.578615],
              [-0.424819, 0.881072, 0.207945],
              [-0.460025, -0.407938, 0.788647]
            ]
          },
          "proximal": {
            "_center": null,
            "_matrix": null,
            "type": 1,
            "width": 17.71,
            "length": 39.33599770162821,
            "basis": [
              [-0.800444, -0.258282, -0.540906],
              [-0.337169, 0.940113, 0.0500463],
              [-0.495587, -0.222436, 0.839593]
            ]
          },
          "medial": {
            "_center": null,
            "_matrix": null,
            "type": 2,
            "width": 17.71,
            "length": 22.13011982909266,
            "basis": [
              [-0.800444, -0.258282, -0.540906],
              [-0.304929, 0.952369, -0.00351552],
              [-0.51605, -0.162124, 0.841076]
            ]
          },
          "distal": {
            "_center": null,
            "_matrix": null,
            "type": 3,
            "nextJoint": [-35.7521, 300.479, -68.2736],
            "width": 17.71,
            "length": 15.64344648886555,
            "basis": [
              [-0.800444, -0.258282, -0.540906],
              [-0.279896, 0.959033, -0.0437419],
              [-0.530045, -0.116384, 0.839945]
            ]
          },
          "bones": [null, null, null, null]
        },
        {
          "valid": true,
          "id": 982,
          "handId": 98,
          "length": 61.3503,
          "tool": false,
          "width": 17.3936,
          "direction": [0.461191, 0.110381, -0.880408],
          "stabilizedTipPosition": [-58.3588, 283.147, -92.966],
          "tipPosition": [-55.3154, 293.014, -85.4524],
          "tipVelocity": [45.0081, 9.51871, 21.1659],
          "touchZone": "hovering",
          "touchDistance": 0.241245,
          "timeVisible": 0.264693,
          "dipPosition": [-61.6219, 291.539, -73.9491],
          "pipPosition": [-73.6295, 288.665, -51.0268],
          "mcpPosition": [-92.7241, 281.407, -11.9075],
          "carpPosition": [-115.055, 257.766, 43.0737],
          "extended": true,
          "type": 2,
          "finger": true,
          "positions": [null, null, null, null, null],
          "metacarpal": {
            "_center": null,
            "_matrix": null,
            "type": 0,
            "width": 17.3936,
            "length": 63.878778395097676,
            "basis": [
              [-0.750744, -0.438956, -0.493661],
              [-0.560515, 0.818749, 0.124394],
              [-0.349581, -0.370092, 0.860712]
            ]
          },
          "proximal": {
            "_center": null,
            "_matrix": null,
            "type": 1,
            "width": 17.3936,
            "length": 44.131643359952065,
            "basis": [
              [-0.764627, -0.453961, -0.457456],
              [-0.47764, 0.87571, -0.0706558],
              [-0.432674, -0.164474, 0.886421]
            ]
          },
          "medial": {
            "_center": null,
            "_matrix": null,
            "type": 2,
            "width": 17.3936,
            "length": 26.036016804611258,
            "basis": [
              [-0.764627, -0.453961, -0.457456],
              [-0.450165, 0.884158, -0.124962],
              [-0.461191, -0.110381, 0.880408]
            ]
          },
          "distal": {
            "_center": null,
            "_matrix": null,
            "type": 3,
            "nextJoint": [-53.3412, 292.741, -88.9831],
            "width": 17.3936,
            "length": 17.205695350377436,
            "basis": [
              [-0.764627, -0.453961, -0.457456],
              [-0.428621, 0.888278, -0.165061],
              [-0.481279, -0.0698657, 0.873779]
            ]
          },
          "bones": [null, null, null, null]
        },
        {
          "valid": true,
          "id": 983,
          "handId": 98,
          "length": 58.99,
          "tool": false,
          "width": 16.5511,
          "direction": [0.163841, 0.178676, -0.970171],
          "stabilizedTipPosition": [-104.735, 281.218, -101.832],
          "tipPosition": [-100.04, 288.357, -92.7254],
          "tipVelocity": [77.5278, -22.794, 20.557],
          "touchZone": "hovering",
          "touchDistance": 0.171001,
          "timeVisible": 0.264693,
          "dipPosition": [-101.828, 286.082, -79.9497],
          "pipPosition": [-105.983, 281.55, -55.3426],
          "mcpPosition": [-110.93, 272.018, -15.8693],
          "carpPosition": [-123.657, 253.805, 37.0043],
          "extended": true,
          "type": 3,
          "finger": true,
          "positions": [null, null, null, null, null],
          "metacarpal": {
            "_center": null,
            "_matrix": null,
            "type": 0,
            "width": 16.5511,
            "length": 57.352484470683564,
            "basis": [
              [-0.749601, -0.549097, -0.369583],
              [-0.623578, 0.77308, 0.11618],
              [-0.221923, -0.317552, 0.921906]
            ]
          },
          "proximal": {
            "_center": null,
            "_matrix": null,
            "type": 1,
            "width": 16.5511,
            "length": 40.908107336932616,
            "basis": [
              [-0.773059, -0.587675, -0.238785],
              [-0.622705, 0.774816, 0.10908],
              [-0.120911, -0.233018, 0.964927]
            ]
          },
          "medial": {
            "_center": null,
            "_matrix": null,
            "type": 2,
            "width": 16.5511,
            "length": 25.363604227514674,
            "basis": [
              [-0.773059, -0.587675, -0.238785],
              [-0.61281, 0.789122, 0.0418413],
              [-0.163841, -0.178676, 0.970171]
            ]
          },
          "distal": {
            "_center": null,
            "_matrix": null,
            "type": 3,
            "nextJoint": [-98.4479, 288.385, -96.5604],
            "width": 16.5511,
            "length": 17.10684773709054,
            "basis": [
              [-0.773059, -0.587675, -0.238785],
              [-0.602781, 0.797816, -0.0120242],
              [-0.197573, -0.13464, 0.970998]
            ]
          },
          "bones": [null, null, null, null]
        },
        {
          "valid": true,
          "id": 984,
          "handId": 98,
          "length": 46.247,
          "tool": false,
          "width": 14.702,
          "direction": [0.271688, -0.258486, -0.927023],
          "stabilizedTipPosition": [-131.722, 251.811, -79.163],
          "tipPosition": [-123.712, 256.194, -70.4522],
          "tipVelocity": [55.8872, -0.996666, 20.4642],
          "touchZone": "hovering",
          "touchDistance": 0.394448,
          "timeVisible": 0.264693,
          "dipPosition": [-131.19, 262.897, -64.9446],
          "pipPosition": [-136.055, 267.526, -48.3437],
          "mcpPosition": [-125.666, 259.419, -18.7725],
          "carpPosition": [-129.941, 243.672, 31.7485],
          "extended": true,
          "type": 4,
          "finger": true,
          "positions": [null, null, null, null, null],
          "metacarpal": {
            "_center": null,
            "_matrix": null,
            "type": 0,
            "width": 14.702,
            "length": 53.09063076475924,
            "basis": [
              [-0.656841, -0.702296, -0.27448],
              [-0.749717, 0.647152, 0.138271],
              [-0.0805229, -0.296605, 0.9516]
            ]
          },
          "proximal": {
            "_center": null,
            "_matrix": null,
            "type": 1,
            "width": 14.702,
            "length": 32.37453689923611,
            "basis": [
              [-0.651094, -0.758714, 0.0207357],
              [-0.687824, 0.601369, 0.406513],
              [0.320897, -0.250416, 0.91341]
            ]
          },
          "medial": {
            "_center": null,
            "_matrix": null,
            "type": 2,
            "width": 14.702,
            "length": 17.907700768384537,
            "basis": [
              [-0.651094, -0.758714, 0.0207357],
              [-0.708705, 0.597945, -0.374432],
              [-0.271688, 0.258486, 0.927023]
            ]
          },
          "distal": {
            "_center": null,
            "_matrix": null,
            "type": 3,
            "nextJoint": [-120.7, 253.693, -72.3139],
            "width": 14.702,
            "length": 15.781644353171808,
            "basis": [
              [-0.651094, -0.758714, 0.0207357],
              [-0.366372, 0.290243, -0.884042],
              [-0.664717, 0.583191, 0.466947]
            ]
          },
          "bones": [null, null, null, null]
        }
      ],
      "arm": {
        "_center": null,
        "_matrix": null,
        "type": 4,
        "prevJoint": [-226.25, 132.984, 238.143],
        "nextJoint": [-119.352, 243.007, 44.2886],
        "width": 58.3413,
        "length": 247.20795159614102,
        "basis": [
          [-0.776124, -0.258953, -0.574956],
          [-0.458957, 0.85724, 0.233448],
          [-0.432423, -0.445064, 0.784173]
        ]
      },
      "_translation": [7.53326, 4.6403, 9.45196],
      "_rotation": [
        0.994839,
        0.0981795,
        -0.0256181,
        -0.0966872,
        0.993842,
        0.0541287,
        0.0307747,
        -0.0513724,
        0.998205
      ],
      "_scaleFactor": 0.970624,
      "timeVisible": 0.264693,
      "stabilizedPalmPosition": [-106.728, 261.567, -4.30555],
      "type": "left",
      "grabStrength": 0,
      "pinchStrength": 0,
      "confidence": 0.568273
    },
    {
      "id": 99,
      "palmPosition": [114.706, 299.256, 28.1108],
      "direction": [-0.225399, 0.330189, -0.916608],
      "palmVelocity": [1.19209e-7, 1.19209e-7, 1.19209e-7],
      "palmNormal": [-0.288388, -0.921269, -0.260952],
      "sphereCenter": [95.0023, 60.9254, -56.6341],
      "sphereRadius": 257.159,
      "valid": true,
      "fingers": [
        {
          "valid": true,
          "id": 990,
          "handId": 99,
          "length": 52.1164,
          "tool": false,
          "width": 20.25,
          "direction": [-0.640327, 0.194318, -0.743116],
          "stabilizedTipPosition": [45.4084, 295.219, 5.86069],
          "tipPosition": [45.4084, 295.219, 5.86069],
          "tipVelocity": [1.19209e-7, 1.19209e-7, 1.19209e-7],
          "touchZone": "none",
          "touchDistance": 1,
          "timeVisible": 0,
          "dipPosition": [53.5834, 294.143, 21.8844],
          "pipPosition": [75.4158, 287.518, 47.2214],
          "mcpPosition": [106.344, 278.618, 85.3789],
          "carpPosition": [106.344, 278.618, 85.3789],
          "extended": true,
          "type": 0,
          "finger": true,
          "positions": [null, null, null, null, null],
          "metacarpal": {
            "_center": null,
            "_matrix": null,
            "type": 0,
            "width": 20.25,
            "length": 0,
            "basis": [
              [0.588432, 0.805738, -0.0673338],
              [-0.53201, 0.448545, 0.718173],
              [0.608862, -0.386774, 0.692599]
            ]
          },
          "proximal": {
            "_center": null,
            "_matrix": null,
            "type": 1,
            "width": 20.25,
            "length": 49.91751557810143,
            "basis": [
              [0.475547, 0.860044, -0.184875],
              [-0.624467, 0.47806, 0.617657],
              [0.619594, -0.178276, 0.764409]
            ]
          },
          "medial": {
            "_center": null,
            "_matrix": null,
            "type": 2,
            "width": 20.25,
            "length": 34.09556985533458,
            "basis": [
              [0.475547, 0.860044, -0.184875],
              [-0.603188, 0.471767, 0.643117],
              [0.640327, -0.194318, 0.743116]
            ]
          },
          "distal": {
            "_center": null,
            "_matrix": null,
            "type": 3,
            "nextJoint": [42.9666, 295.54, 1.07437],
            "width": 20.25,
            "length": 23.403533917784724,
            "basis": [
              [0.475547, 0.860044, -0.184875],
              [-0.753701, 0.506715, 0.418539],
              [0.453642, -0.0596945, 0.889183]
            ]
          },
          "bones": [null, null, null, null]
        },
        {
          "valid": true,
          "id": 991,
          "handId": 99,
          "length": 58.8075,
          "tool": false,
          "width": 19.3428,
          "direction": [-0.386055, 0.177754, -0.905188],
          "stabilizedTipPosition": [55.8629, 330.818, -59.0505],
          "tipPosition": [55.8629, 330.818, -59.0505],
          "tipVelocity": [1.19209e-7, 1.19209e-7, 1.19209e-7],
          "touchZone": "hovering",
          "touchDistance": 0.647576,
          "timeVisible": 0,
          "dipPosition": [61.0804, 329.139, -47.0908],
          "pipPosition": [70.4115, 324.843, -25.212],
          "mcpPosition": [86.3955, 314.646, 13.3408],
          "carpPosition": [117.077, 298.508, 78.2305],
          "extended": true,
          "type": 1,
          "finger": true,
          "positions": [null, null, null, null, null],
          "metacarpal": {
            "_center": null,
            "_matrix": null,
            "type": 0,
            "width": 19.3428,
            "length": 73.56944102234299,
            "basis": [
              [0.87955, -0.147163, -0.452476],
              [0.229058, 0.96448, 0.131569],
              [0.417042, -0.219364, 0.882018]
            ]
          },
          "proximal": {
            "_center": null,
            "_matrix": null,
            "type": 1,
            "width": 19.3428,
            "length": 42.96260528459604,
            "basis": [
              [0.897007, -0.156649, -0.413328],
              [0.238665, 0.958716, 0.154604],
              [0.372045, -0.237327, 0.897362]
            ]
          },
          "medial": {
            "_center": null,
            "_matrix": null,
            "type": 2,
            "width": 19.3428,
            "length": 24.170373034978176,
            "basis": [
              [0.897007, -0.156649, -0.413328],
              [0.215268, 0.971527, 0.0989711],
              [0.386055, -0.177754, 0.905188]
            ]
          },
          "distal": {
            "_center": null,
            "_matrix": null,
            "type": 3,
            "nextJoint": [54.3044, 331.32, -62.6229],
            "width": 19.3428,
            "length": 17.08558068694184,
            "basis": [
              [0.897007, -0.156649, -0.413328],
              [0.19517, 0.97937, 0.052383],
              [0.396595, -0.127657, 0.909074]
            ]
          },
          "bones": [null, null, null, null]
        },
        {
          "valid": true,
          "id": 992,
          "handId": 99,
          "length": 67.0064,
          "tool": false,
          "width": 18.9972,
          "direction": [-0.274203, 0.119125, -0.954265],
          "stabilizedTipPosition": [84.0639, 326.667, -79.4329],
          "tipPosition": [84.0639, 326.667, -79.4329],
          "tipVelocity": [1.19209e-7, 1.19209e-7, 1.19209e-7],
          "touchZone": "hovering",
          "touchDistance": 0.341839,
          "timeVisible": 0,
          "dipPosition": [88.4892, 326.152, -65.666],
          "pipPosition": [96.2866, 322.764, -38.5302],
          "mcpPosition": [107.489, 312.147, 7.1322],
          "carpPosition": [127.935, 298.486, 72.4233],
          "extended": true,
          "type": 2,
          "finger": true,
          "positions": [null, null, null, null, null],
          "metacarpal": {
            "_center": null,
            "_matrix": null,
            "type": 0,
            "width": 18.9972,
            "length": 69.76811288984388,
            "basis": [
              [0.875785, -0.337697, -0.344907],
              [0.383559, 0.920665, 0.0725107],
              [0.293058, -0.195796, 0.935832]
            ]
          },
          "proximal": {
            "_center": null,
            "_matrix": null,
            "type": 1,
            "width": 18.9972,
            "length": 48.20030319946131,
            "basis": [
              [0.889059, -0.346861, -0.298767],
              [0.394409, 0.911682, 0.115226],
              [0.232413, -0.220279, 0.947344]
            ]
          },
          "medial": {
            "_center": null,
            "_matrix": null,
            "type": 2,
            "width": 18.9972,
            "length": 28.436413845631094,
            "basis": [
              [0.889059, -0.346861, -0.298767],
              [0.366588, 0.930321, 0.0107986],
              [0.274203, -0.119125, 0.954265]
            ]
          },
          "distal": {
            "_center": null,
            "_matrix": null,
            "type": 3,
            "nextJoint": [82.742, 326.821, -83.5451],
            "width": 18.9972,
            "length": 18.792021861683757,
            "basis": [
              [0.889059, -0.346861, -0.298767],
              [0.340647, 0.937241, -0.0744276],
              [0.305832, -0.0356035, 0.951419]
            ]
          },
          "bones": [null, null, null, null]
        },
        {
          "valid": true,
          "id": 993,
          "handId": 99,
          "length": 64.4285,
          "tool": false,
          "width": 18.077,
          "direction": [-0.103508, 0.0876983, -0.990755],
          "stabilizedTipPosition": [120.93, 314.369, -79.449],
          "tipPosition": [120.93, 314.369, -79.449],
          "tipVelocity": [1.19209e-7, 1.19209e-7, 1.19209e-7],
          "touchZone": "hovering",
          "touchDistance": 0.341599,
          "timeVisible": 0,
          "dipPosition": [122.636, 313.54, -65.1879],
          "pipPosition": [125.503, 311.111, -37.742],
          "mcpPosition": [129.281, 305.525, 6.42576],
          "carpPosition": [138.746, 295.348, 67.5044],
          "extended": true,
          "type": 3,
          "finger": true,
          "positions": [null, null, null, null, null],
          "metacarpal": {
            "_center": null,
            "_matrix": null,
            "type": 0,
            "width": 18.077,
            "length": 62.6399059565833,
            "basis": [
              [0.877943, -0.431265, -0.207911],
              [0.454296, 0.887475, 0.0774787],
              [0.151102, -0.162475, 0.975074]
            ]
          },
          "proximal": {
            "_center": null,
            "_matrix": null,
            "type": 1,
            "width": 18.077,
            "length": 44.679611719637855,
            "basis": [
              [0.887002, -0.442544, -0.131841],
              [0.453957, 0.887989, 0.0734729],
              [0.0845583, -0.125021, 0.988544]
            ]
          },
          "medial": {
            "_center": null,
            "_matrix": null,
            "type": 2,
            "width": 18.077,
            "length": 27.70193417092027,
            "basis": [
              [0.887002, -0.442544, -0.131841],
              [0.450015, 0.892448, 0.0319818],
              [0.103508, -0.0876983, 0.990755]
            ]
          },
          "distal": {
            "_center": null,
            "_matrix": null,
            "type": 3,
            "nextJoint": [120.42, 314.617, -83.7088],
            "width": 18.077,
            "length": 18.684065987091778,
            "basis": [
              [0.887002, -0.442544, -0.131841],
              [0.446276, 0.894895, -0.00138757],
              [0.118598, -0.0576066, 0.99127]
            ]
          },
          "bones": [null, null, null, null]
        },
        {
          "valid": true,
          "id": 994,
          "handId": 99,
          "length": 50.5107,
          "tool": false,
          "width": 16.0574,
          "direction": [0.30266, 0.0248847, -0.952774],
          "stabilizedTipPosition": [169.271, 297.678, -57.6969],
          "tipPosition": [169.271, 297.678, -57.6969],
          "tipVelocity": [1.19209e-7, 1.19209e-7, 1.19209e-7],
          "touchZone": "hovering",
          "touchDistance": 0.66788,
          "timeVisible": 0,
          "dipPosition": [165.62, 297.847, -44.9376],
          "pipPosition": [159.7, 297.36, -26.3025],
          "mcpPosition": [147.854, 294.882, 6.92089],
          "carpPosition": [148.177, 285.247, 64.0991],
          "extended": true,
          "type": 4,
          "finger": true,
          "positions": [null, null, null, null, null],
          "metacarpal": {
            "_center": null,
            "_matrix": null,
            "type": 0,
            "width": 16.0574,
            "length": 57.985215812343924,
            "basis": [
              [0.802318, -0.58784, -0.103584],
              [0.596871, 0.79173, 0.130037],
              [0.00556957, -0.166157, 0.986084]
            ]
          },
          "proximal": {
            "_center": null,
            "_matrix": null,
            "type": 1,
            "width": 16.0574,
            "length": 35.35904188594622,
            "basis": [
              [0.759799, -0.609825, 0.225432],
              [0.557191, 0.789432, 0.257559],
              [-0.335029, -0.0700841, 0.939598]
            ]
          },
          "medial": {
            "_center": null,
            "_matrix": null,
            "type": 2,
            "width": 16.0574,
            "length": 19.55889876782434,
            "basis": [
              [0.759799, -0.609825, 0.225432],
              [0.575415, 0.792146, 0.203477],
              [-0.30266, -0.0248847, 0.952774]
            ]
          },
          "distal": {
            "_center": null,
            "_matrix": null,
            "type": 3,
            "nextJoint": [170.361, 297.628, -61.5081],
            "width": 16.0574,
            "length": 17.23677789640511,
            "basis": [
              [0.759799, -0.609825, 0.225432],
              [0.589107, 0.792435, 0.158113],
              [-0.275062, 0.0126692, 0.961343]
            ]
          },
          "bones": [null, null, null, null]
        }
      ],
      "arm": {
        "_center": null,
        "_matrix": null,
        "type": 4,
        "prevJoint": [234.544, 159.688, 294.648],
        "nextJoint": [135.217, 283.839, 76.4262],
        "width": 63.72,
        "length": 270.0001439355913,
        "basis": [
          [0.876265, -0.119431, -0.466793],
          [0.311168, 0.879944, 0.358988],
          [0.367877, -0.45982, 0.808228]
        ]
      },
      "_translation": [0, 0, 0],
      "_rotation": [1, -4.44089e-17, 0, 4.44089e-17, 1, 0, 0, 0, 1],
      "_scaleFactor": 1,
      "timeVisible": 0,
      "stabilizedPalmPosition": [114.706, 299.256, 28.1108],
      "type": "right",
      "grabStrength": 0,
      "pinchStrength": 0,
      "confidence": 0
    }
  ],
  "handsMap": {},
  "fingers": [null, null, null, null, null, null, null, null, null, null],
  "interactionBox": {
    "valid": true,
    "center": [0, 200, 0],
    "size": [235.247, 235.247, 147.751],
    "width": 235.247,
    "height": 235.247,
    "depth": 147.751
  },
  "pointablesMap": {},
  "_translation": [204.616, -879.21, 482.43],
  "_rotation": [
    -0.0061176,
    0.0186986,
    -0.999806,
    0.39165,
    -0.919906,
    -0.0196007,
    -0.920094,
    -0.391694,
    -0.00169569
  ],
  "_scaleFactor": 1.54291,
  "type": "frame",
  "currentFrameRate": 53.3382,
  "historyIdx": 337
}
